45851
68791
20848
78566
47217
68376
12259
62134
46582
95862
39284
1525
44046
37148
78027
53960
56173
22542
44806
25016
31670
78630
56029
17567
90763
57929
90928
12930
64282
9647
69301
30870
2841
15570
6890
18824
15103
50335
3180
30073
17522
77122
51576
86657
46467
97168
84765
26551
77858
6476
57797
96997
75237
33834
37844
4818
27857
3107
64033
10383
53982
39986
61841
31526
4267
33120
9362
16757
19609
69203
76687
75816
16028
27757
28953
48349
10311
71488
93648
3446
22615
30301
60002
17830
80411
60777
78759
97634
3068
54113
67070
99434
88782
84649
17604
49238
90648
1986
11559
35236
18438
30264
57783
62711
73
15516
15130
63382
57576
68783
38514
91471
14838
9504
93645
23629
47267
25222
97476
87427
98375
11976
49378
65481
37613
217
26591
71471
2010
99717
34033
32373
90726
79314
75936
46485
32388
42192
58893
69303
5295
12286
3557
85552
69590
23670
9152
74371
75797
80789
46506
93629
5554
67801
42573
81753
53419
33651
28425
8552
8341
71978
40532
19000
4059
43025
33603
55846
8095
11631
23664
22496
16240
17224
17768
9396
2443
75462
58961
70563
75026
79933
73196
16746
54318
84063
78682
10865
41035
55879
90321
31079
46632
12670
7328
2131
59223
25931
89412
96494
48515
9660
30012
20933
35599
37460
10045
54565
24835
4794
67540
11359
18357
81767
1167
76499
32276
38740
98262
36177
5949
46823
60901
825
66657
30463
91161
25751
87305
12933
43464
91990
57207
80632
49369
87585
6454
60748
36751
72653
93343
49566
60839
74890
53193
57018
24646
35245
92220
46263
37031
89736
43332
73928
8178
81596
76460
26816
96632
62808
45054
32739
63848
81283
52420
26443
70572
25088
89001
53432
93492
48344
81716
45615
28302
2581
17020
36186
8896
38865
5680
29654
80077
18047
23250
87956
22311
93036
63808
85272
70958
69843
77092
49098
26349
13764
48537
63230
93210
18669
3475
50329
67096
20167
25625
53713
53249
54331
9070
64846
88029
63043
645
41755
32692
27127
79199
6319
6005
35831
19454
86948
81009
67188
93571
71525
3403
15166
52774
83703
15465
72725
3458
6468
13261
30097
4930
68798
27801
11174
14008
36598
72490
29151
17635
55003
41472
81199
61565
98863
26146
14809
61038
10492
1955
4840
39492
11021
79392
14454
12345
2625
26631
47842
72613
42423
79427
14522
39742
12640
98557
84532
77622
29860
52406
12367
71921
59814
20274
29863
79504
73034
89097
51471
55817
53163
16307
32786
93353
71437
56993
70918
63737
64792
1711
89603
37428
44045
70897
16032
35858
12784
25943
48175
14612
67570
93039
36028
65525
68631
82426
40460
57174
38294
28496
29082
39009
27412
10506
56747
88503
94507
68670
60499
58016
94753
33854
87604
68061
63203
49304
26239
49195
65526
53313
9393
46688
87880
58623
41462
57631
92595
98848
55567
20924
26733
60990
73194
31163
79907
1018
40089
52135
17197
47480
502
1915
23650
59122
44231
23705
49077
99442
12743
43195
20047
42003
170
91879
78083
80188
82562
39744
30963
99418
24419
90829
27538
61017
98961
94388
76596
84046
28517
580
88930
1570
80144
34656
74277
3236
7485
63583
32508
76351
70903
55730
74786
74402
82651
21839
94989
2431
52526
21848
35861
49554
43214
23262
75846
8527
33022
74249
43928
94837
18263
34203
47459
37868
51722
51663
71954
83040
86891
11984
333
11938
57812
75350
9583
1870
13642
51302
14661
25551
63018
54665
45619
39382
29791
12548
92224
14969
83399
84365
22533
20464
21630
65373
14259
60647
28337
92335
93497
62091
79729
38695
12555
83748
62266
91023
57892
63300
57407
89167
72563
11121
41549
10653
77012
49864
16637
14088
36683
99188
67088
62742
76511
25585
54323
5180
72365
9806
98913
26774
23009
83884
36961
56778
8639
38059
22387
16386
1081
62645
78649
97892
77853
49316
75481
8968
71669
3698
62528
75568
92806
25019
20443
38902
21824
57994
56404
18691
36143
39580
59428
2575
62562
42022
47733
32864
2679
34486
79243
74734
68710
23457
69668
27950
72000
54665
29951
2799
73125
25277
86365
88694
45521
21746
44308
47698
44088
16513
12366
11447
50354
25865
48702
24408
64413
77257
49367
40039
79795
4594
3284
70108
28926
69189
29708
25953
71220
84877
66034
73646
14449
79971
73822
97767
15850
94957
9621
2280
79673
42713
91074
44118
41175
84478
63501
42592
170
80510
65016
18290
85656
64572
40687
86503
22215
25690
85948
1096
79654
18781
7993
64904
25761
20214
16763
43412
88476
96447
52582
6526
78988
70695
4607
53265
45319
53750
21057
42567
44545
54538
79898
62902
27406
32914
78363
223
41800
50551
70959
32830
70243
95077
87135
74182
26692
99071
95966
77713
39915
75148
4239
83141
78098
57129
75290
21434
2190
49366
14064
9842
60475
28658
81863
88776
6376
35212
74636
1599
51956
33895
87144
20118
52400
90426
93639
90739
10336
5857
96638
65124
76778
56109
79296
16165
6951
52556
27282
86913
56460
35571
33723
96856
14918
6479
44230
4743
28029
19920
86631
70101
45969
20593
25079
23864
26070
90412
31970
63527
30934
85347
42101
13953
73353
43033
72104
64152
17590
98484
94006
14098
51672
1257
51801
45625
65691
24082
42172
66812
8084
83799
42908
71356
54980
5094
1854
55233
39030
7319
92264
63522
90597
35223
24521
46701
85492
48254
77915
95930
21247
24997
84411
32621
23308
79061
56679
19210
461
60097
57442
98976
72772
10214
71329
97254
45527
37960
24114
2888
75410
41988
70926
33678
66954
62684
62687
96155
11293
2337
36571
95313
15870
29446
70770
48837
2863
1912
72213
40852
10961
5987
12953
14869
17008
8354
57474
22429
44433
63198
38144
20358
9453
16336
44701
37116
87014
17354
3013
73006
76616
10568
70497
70663
93085
88344
17841
85243
95139
81226
81705
4436
10331
86445
55114
45686
30132
79412
66778
16714
98571
89106
47371
87228
25510
33639
53316
60668
16599
63014
37231
98909
88338
70519
9728
78299
35066
65982
20403
26754
47990
6129
83413
32645
5108
67872
43667
55714
1806
4107
14396
31870
58638
39716
13987
67552
62033
34585
78432
23578
59698
30928
49840
99160
37526
74597
32656
21159
29409
47810
39157
8767
10554
83519
67518
20287
75941
89285
6411
70788
14770
68583
10040
27702
70527
36021
10028
74996
78244
5986
49196
83407
45496
76874
9538
46925
79868
61363
62441
41939
4986
31235
80039
28744
82732
33566
92133
72870
80430
59416
35602
83517
93916
15666
28236
18620
16352
31598
26633
26709
97517
25407
41228
40411
34566
50470
23828
37906
82941
85316
36421
23299
78273
6655
56998
65845
34270
44705
38882
13494
11732
75014
53614
64266
36240
25295
56400
16098
99629
68129
81663
43906
58782
75700
91956
10431
47767
69298
90444
67108
5698
19252
22789
95719
78245
50215
38755
89327
14733
38161
26856
18233
56811
61507
1127
2441
89060
44868
34994
95858
6363
28740
66772
34380
82256
34392
93500
32390
195
52130
42476
62974
18555
65301
77834
8581
67683
98095
24343
8259
42578
86852
59332
45648
34344
62945
52597
23139
62663
79409
10780
87374
29303
30352
3789
71159
28560
18705
45755
55531
17850
60152
19929
43598
18527
32218
69103
89294
34093
76890
77030
71645
50024
20955
92741
45973
59537
4611
49643
58057
443
43897
92790
33504
79210
9735
9892
15161
1187
7132
93315
13162
11541
15587
85577
25442
40076
28495
52775
33782
80606
88583
76630
93547
65236
54744
19156
9028
44904
86488
77319
89592
85538
49656
86447
42071
50512
18349
69214
59647
65331
33855
88512
25807
13
61951
6136
66209
87199
1764
245
48228
55231
69069
80574
11129
96010
89680
39068
70220
68775
83841
2664
3099
52434
13783
87371
26078
91315
18082
64653
58399
88182
27305
15459
69304
39175
62796
85682
46637
94553
66581
93400
14162
18399
91290
69419
57124
63514
53620
52215
64093
94599
80087
39837
40729
87609
70296
30862
12937
51157
82241
35526
65697
85925
38004
2051
27314
9758
61884
70191
82946
33547
84296
82101
45810
5090
17996
69676
80260
79361
75056
21283
46918
96249
1985
25503
1569
39718
62341
42096
6607
52798
92101
37359
10722
80762
45032
22805
19236
92283
29108
77630
64997
43682
15678
62249
51015
84351
24097
62587
98690
75014
16143
84320
28035
75001
45668
85163
78821
20809
2226
86620
42893
90136
71555
34746
30674
30564
39070
84356
71497
26295
41694
99710
29431
13011
19329
76925
42360
15625
93989
7762
14966
51598
88097
82719
69418
78346
80389
87602
92831
25689
77812
46867
89009
81207
61079
72277
2918
49100
18932
99839
1055
3995
58706
58461
57769
86964
83312
73028
65055
88288
87591
14166
61842
50642
9055
60622
84077
5297
15199
82885
56859
81136
74906
40232
62075
14
64106
37325
26314
97624
81463
19646
34644
92991
64865
2905
60444
83148
42389
63614
49372
80707
44301
63825
51155
95600
70161
48982
14181
78039
61394
26625
95505
87178
35554
23242
36727
18471
17366
66083
77630
65955
2803
47993
97831
9290
8474
66105
47415
78755
36271
18240
50209
3271
90030
14717
27845
12930
99166
4823
56848
76446
63446
22471
57047
43785
85005
39260
78121
12704
58441
51733
13302
11136
99404
6852
32900
55916
70318
55829
77412
46970
33362
83895
22238
47813
46731
18017
863
33657
56204
85225
7727
99938
20023
92128
94346
78680
20083
42733
31101
13892
79312
91312
83883
97181
69265
41382
26376
38938
9826
9744
12242
9048
26320
43853
85257
95811
70939
46796
37447
64987
35155
29561
60916
43089
30815
87335
19071
20082
30883
16017
19465
27223
9748
83215
10239
31380
88990
25577
76454
86179
62361
75815
29445
90175
28244
9040
78159
48772
48445
27655
43062
1265
30694
20139
1556
46955
12708
745
57809
6540
2571
48784
13774
98768
99996
54937
99962
33209
15526
86213
3683
82193
51932
17561
78059
92188
65353
77900
86526
71906
14171
82147
31298
15465
66332
97981
23509
68252
71666
94154
1111
24997
43427
18794
64220
48439
96524
10197
75322
92122
64520
45298
2785
90050
87562
5014
30115
66525
48740
46398
48515
90093
33209
9611
75918
66689
8344
43863
33899
70937
54609
84114
81176
28570
83973
232
28182
10727
51662
17557
55949
36645
57774
70764
6133
79064
74544
41469
45568
30276
70174
76975
45035
49457
53034
81911
72628
60571
80197
3701
36495
99049
36980
13955
63835
51569
41798
6203
7761
4286
12777
8348
49624
79928
33594
98822
4299
73842
56437
67738
3583
70831
29250
66037
9673
11186
44661
57173
87449
22892
75449
46212
31388
9941
32481
7102
81823
65605
81805
47642
38954
50023
78755
43068
52155
77391
33657
92809
67531
93129
63383
84925
63418
73412
42624
37232
78569
9807
8438
69986
88975
67934
6388
63621
93023
33505
54209
88301
94105
20461
28739
15808
33165
20328
67345
65141
2939
4668
28363
8807
16398
99274
39061
20354
14287
63568
14298
51693
8616
3444
30232
93168
77540
11513
55979
59448
92358
60695
99226
4934
95246
85475
91931
22939
86934
10134
35698
57236
38701
62298
99455
55804
91032
5283
21813
15695
47306
44810
99545
28481
19028
99656
14871
9176
99538
68985
7996
55790
24410
15754
58170
71038
11270
48147
68270
1610
14157
66750
83469
41481
11683
91024
70993
40684
95567
53154
71283
60929
63204
93156
37843
42381
74903
6495
49081
24100
58088
60316
36824
49620
91890
27494
2612
90571
80710
56020
94869
69965
31837
35297
58983
11329
23542
53014
18449
45103
59350
34211
29746
67005
30175
80614
43225
66165
86039
29367
36143
9541
30117
55052
69410
40372
61274
34736
33027
77897
22246
60339
61483
46729
4112
86423
13186
91259
66922
64001
93215
83984
9417
21614
38234
77132
38451
93335
39326
22991
79876
6553
93486
52686
73459
36956
1535
88262
46510
50412
8172
96087
58310
55543
94510
60102
26841
66132
84227
50967
29553
22315
17674
85325
63603
66978
82713
94193
71894
22182
54063
50247
65460
85347
60213
18019
66775
88946
38788
13138
12934
29555
30139
75612
22908
64520
36315
7446
63231
14489
55961
52269
39981
66668
6781
15895
12605
96361
38104
20614
3358
65367
60025
37101
63778
8961
4880
77823
5065
22972
33737
59033
83896
19217
98755
25161
79046
329
2513
4987
67778
18114
57301
60286
72221
97696
95262
14534
19804
30203
7220
47988
68497
60731
20489
54779
36412
16811
56541
13014
38938
22596
79994
45415
85041
33093
41675
71540
92405
78327
99689
2031
43516
99807
39331
91208
33646
5442
59677
54604
79850
57278
36482
88317
93206
97698
1208
89148
39317
10957
77538
94849
3636
46242
80797
47960
97970
6184
8133
80059
40718
2971
70114
97701
13165
18776
40103
42392
46125
44263
35112
16235
90030
58069
82645
33967
62687
23457
84666
50693
71808
54819
85177
26427
8049
21371
54118
87675
77218
99309
55082
15532
65903
78229
46422
26705
9291
23841
5556
31450
48249
90697
13163
46075
37604
57175
53015
83145
64546
23557
10600
24154
48801
7610
24759
84195
97818
85819
8446
84929
46071
85586
12417
2188
43020
85145
1184
31421
37431
9141
93339
32656
74513
75534
67279
13825
54786
91528
34643
76584
36559
76591
18388
39993
91690
88209
14239
43885
97603
34597
54222
37031
7016
85199
68709
27864
2617
85286
17748
53570
64981
43704
74348
70193
88299
6225
53634
15212
18079
42704
58573
19258
3864
85115
62717
34387
29559
49501
85049
1856
97222
9639
81306
65406
99156
45374
54966
78159
83926
3156
82915
60161
7947
14381
96599
21186
26938
69497
16063
62979
11061
13624
82983
31213
98697
67343
98871
8129
48970
63969
7298
10629
91694
75007
40845
76793
18313
53070
9335
86980
63543
68726
65490
30934
26201
70149
18929
96853
5928
66754
14431
52267
58159
11070
97797
38091
35868
35944
10324
67176
34753
16106
54906
50669
91328
37154
24056
92459
62282
8036
57547
59135
25859
37292
90068
32412
2632
18756
76418
89575
98437
42683
7289
43698
70508
20533
64895
70018
92596
26431
50938
50040
5662
24615
207
68901
57302
97145
49757
81402
90874
86093
49680
3543
26477
12106
57599
61171
33885
71031
14350
24118
21092
60431
18565
892
24016
94581
71311
46477
76776
49051
70812
67324
95314
69736
69498
76629
41282
31309
90216
72952
53247
18962
43363
75363
36214
63147
75868
44940
22468
22290
64135
3668
42127
17398
88986
25447
69572
23784
80609
12202
31495
34969
23195
18603
18575
37965
20780
46297
44569
73970
27973
708
23230
24371
1327
79409
76150
409
74764
16956
95515
96825
12798
15026
19345
8959
15764
36712
65027
29992
53265
31433
66506
36158
28959
40612
11257
38389
16959
1380
87145
33912
79906
12822
19191
30468
62087
56003
71029
11783
7120
43272
15806
76971
85216
46461
36987
89973
39261
60663
50811
3435
55942
35403
81309
50473
46839
1190
38679
56028
52648
77105
45321
19635
42216
10015
46941
23502
45107
18376
69976
41915
44146
40782
49165
26509
14453
33867
18257
66664
92491
57024
93513
31711
23480
55844
43076
64397
29986
76604
54325
46372
79524
94091
45499
16219
18035
63043
43554
82140
98416
79849
8154
1655
16186
18278
89618
65032
77438
96899
61873
37737
36273
5177
40198
3665
61436
57705
36555
94530
46471
53885
90991
61291
40295
37473
42030
94143
10584
70618
5565
87304
99497
79194
91741
31187
59633
22705
43062
68744
24326
56620
68416
77227
84229
19581
67375
62447
57133
10774
64675
89901
99018
9070
29942
60034
69386
64657
8831
107
88663
65300
9270
35552
747
72580
2267
45845
16931
77907
2139
48461
57999
61314
27391
76802
36535
37692
97981
75893
3409
46513
629
79767
88518
57069
72974
75816
4871
40823
385
88157
62863
47717
35941
31238
35171
60444
12844
5471
89885
29294
35638
7327
64522
67204
39129
27510
32164
95909
36768
56725
10240
17309
71418
36813
65628
83872
8290
34484
51856
85135
7563
13928
91780
66628
5012
20332
39226
31326
32414
87783
77911
84581
3543
93632
86934
63415
75129
90460
55309
24028
33782
52153
8458
34929
74326
86668
94281
94962
39201
88698
92470
21030
74834
26764
88931
72832
54211
55029
76622
83334
59889
56579
75076
59301
84281
61074
42485
83005
70293
57203
65927
86616
92872
598
14413
58689
60199
49661
24186
40972
83356
62003
80804
26556
93429
28544
89642
36387
76862
46495
60078
5665
10998
37541
79179
59776
52019
67689
86629
74789
35869
95417
84200
46749
85127
44157
65489
65792
87251
27427
92042
72271
81320
53400
87462
19484
91062
60915
31874
16098
42761
26444
44821
5524
2824
8795
44626
34290
22014
98751
53884
90241
68780
55576
40851
56152
80106
26641
26446
96223
48646
31113
35820
26960
218
4153
4140
96660
68254
93526
57934
67462
37056
69923
43208
54287
59213
16723
21373
39585
95282
7850
990
60753
18808
32112
38702
43520
57425
7611
39403
43293
26599
30893
22697
21530
13380
74097
52548
15002
8391
34273
92709
31276
74799
42287
9928
45480
60427
77689
69776
49895
91397
6128
27862
55271
23922
48003
54551
3500
17750
61864
55111
51736
27934
65452
77216
93971
63058
30736
2741
94324
10462
10673
26434
97414
34012
11855
13687
69173
10340
91489
59553
69178
6606
5937
6887
38868
3963
81818
45647
72588
99275
44241
83839
30729
41063
4992
40298
67904
87749
98256
22180
86839
94164
65205
36440
79002
69592
62645
55615
39772
70404
25497
3333
11428
24063
42833
65898
94325
10273
98850
34811
49127
89771
35953
84760
54682
70768
93266
16271
2221
70910
8748
27533
83856
44820
63443
48762
39625
36730
95671
94066
63133
72583
30712
4426
42430
67272
90722
1556
1668
10223
59131
69400
37125
92447
69577
69833
48555
59125
91061
49350
56979
73926
15791
79321
22593
69430
9980
80014
45901
96602
99448
76087
20681
11589
91191
94615
45809
92409
18745
59451
85330
96297
25728
21804
48614
5893
95474
70398
29689
83840
58874
30107
14069
20629
69896
43424
54968
51503
66135
13742
37625
35669
33105
39018
1640
29659
14510
49673
67940
53541
89466
59054
21803
10978
79744
9889
82979
29116
50473
14987
15906
67462
65929
11828
96491
9859
53437
94019
51390
9964
38316
87874
44087
79685
34102
30635
47681
52769
64699
67521
68915
93258
36339
7893
24642
27044
67565
67288
15590
26080
58355
42212
94917
40185
15990
12064
92628
55842
94633
40826
64488
63349
23840
76437
57305
55825
21449
36722
73123
55170
29879
67775
78242
52251
54859
51141
15588
57963
86855
4018
17291
76901
43510
95197
35007
42271
10392
40533
57194
42386
20813
55002
16213
88659
45387
90595
91714
8480
25824
89358
71112
35641
72423
86964
83828
94137
90260
57147
61559
60589
80683
51844
41512
42452
44773
1590
99758
26453
84399
37599
99938
66157
37466
35496
46912
23525
11024
39265
15044
93368
61963
61805
50547
463
74133
11978
7369
97880
31159
71983
46200
5173
23330
24761
29078
36912
95541
41797
73782
47836
11466
16529
49692
40893
56496
52866
98149
1232
83206
84108
60991
41900
36085
98869
75231
68523
26378
39642
7801
54036
6653
39987
65778
12054
36139
33561
7340
19152
2394
23639
41035
25144
98434
43438
38224
90735
26955
62794
84663
94595
10635
67843
12501
39885
31990
41433
83225
14637
21683
29207
739
2420
87385
24229
16365
21447
60238
60855
51357
1271
27510
36459
12586
76458
10013
33841
37131
8141
37788
61093
73941
70840
70668
64500
12937
60667
74133
35301
79811
12662
17174
18364
22004
91867
88676
46270
69855
99312
16160
65790
3223
86577
11925
47376
47209
93332
36544
5731
82162
41191
68138
87227
43587
62557
58110
32241
29493
93355
35332
16881
4674
90472
66326
15239
6252
65230
51004
93967
87005
92274
29629
15946
48221
92722
86579
27292
72217
94606
23503
39211
40896
86931
89071
57340
49905
39219
72531
43485
38283
53514
34180
61760
57874
57087
19779
53938
20199
49663
64320
64539
50298
89430
7795
86404
4810
50461
28752
96713
66399
89712
59542
98502
20178
32482
62819
96413
41718
38551
16436
75434
89154
83915
45689
92295
38401
69257
83730
1552
74651
48574
22067
54307
39632
36352
2233
82439
15858
88417
68025
60333
22151
10312
7477
17393
43911
33611
55029
83480
79458
77336
42759
75484
47073
17025
72867
33196
5333
99830
40009
46520
53855
60799
43544
88530
63729
14629
68168
39472
24051
78431
12937
99492
45942
28175
32573
85224
51340
87861
87052
48265
74919
39553
77998
71048
18008
99967
72457
84415
18196
98147
31575
35084
94848
25624
3580
36201
8201
84864
21634
90885
96406
37297
46050
75475
16820
84839
73687
62398
47749
92050
47211
27354
4337
86891
52622
20753
79473
77176
48301
56263
84189
19125
56371
87622
3866
57947
21665
7526
99185
13261
28896
36757
259
46213
43065
93860
71988
33907
74919
8571
71849
94039
98533
67197
32953
19800
18219
72796
66770
27911
85222
97001
8782
24180
51834
31815
87434
77795
5015
60223
99063
76373
60520
81694
33041
25045
45494
21342
8923
74677
20340
90943
53104
2630
15119
23981
98458
2042
13194
79458
86538
58180
11979
77973
18945
90654
56771
29619
82972
84334
14751
66877
44556
197
24531
55209
93107
77287
64823
15235
91243
14863
97096
2664
16854
99582
94407
40816
11016
77668
17368
70636
81766
22389
69659
33578
49011
21077
54102
48217
39884
42089
75738
31088
94993
58436
61205
81765
60052
50167
72961
87291
16545
3975
86158
74957
7080
16645
38068
41025
73931
80871
22848
33170
45759
65198
43392
4778
27320
15057
11120
50220
53645
38464
41969
85546
57779
73346
21516
68060
80114
67101
4113
52843
32213
9203
14871
25629
31371
3046
5565
98750
753
82389
14129
36515
78021
35853
19751
81067
53717
50939
75225
6114
71731
36684
36100
27490
77550
9426
70333
39874
4123
70919
74113
23361
87651
51243
41883
39455
37855
23998
18665
69053
79537
17166
87441
77721
99191
75085
53588
16023
12463
60369
44210
63557
73789
31209
32985
28655
6718
17051
21041
39136
37158
51727
9262
72466
73264
89499
92017
63384
94419
7358
36484
33735
8196
55892
10444
63772
5336
84816
9017
5961
91362
68720
84330
74006
92210
42004
57176
61990
93522
13825
92118
44673
30377
1526
65075
22380
14251
9199
4415
6989
37945
17935
34785
74624
41242
5309
33502
94990
66580
51588
41603
50452
55178
32714
81756
78677
20568
6771
77745
84824
36715
69006
57645
80793
41306
36524
21941
35201
94154
7646
62367
78412
96148
29009
87397
77362
80730
39410
94887
76890
74374
78029
79938
25599
20545
56757
46863
6163
97687
97576
61280
38899
25088
83763
50926
73349
99078
82129
38036
65957
27392
12083
36866
74765
7808
10029
4931
63264
78699
21681
11765
30742
88165
53933
99536
38477
35763
92003
17664
46131
49119
77295
73631
80275
95735
5830
14211
4852
88819
20344
16767
85855
13991
53123
55377
99341
5768
36996
3396
45306
13048
64180
9954
9749
67670
21428
52416
27025
68599
86549
59487
58984
98963
67120
94720
72157
98213
43808
21722
94348
83333
48690
84195
81534
20009
41547
45222
29359
85480
13575
22166
26151
62355
45496
25960
40410
25487
26765
36377
88001
43688
21285
87956
10677
70970
53831
81643
94873
57387
83366
53954
50620
48742
15416
5784
90775
88390
18189
84316
95368
12056
19689
70238
74172
3232
24924
21881
39547
29783
63763
79582
25088
74661
76329
21882
35402
741
31304
84505
2954
35128
28029
40337
38741
53194
39164
4667
76918
76241
70884
77031
42283
6530
4612
38151
45912
40468
19298
32523
40537
50320
39756
25977
67160
94487
21896
25593
16924
34541
82168
58128
28297
14024
15682
28207
58639
99382
59209
40835
58448
78557
54042
64771
59452
451
81536
1304
7954
30283
96467
23314
21603
1042
6729
47758
15495
70038
67954
88920
37980
36334
77339
36770
30900
83978
92726
15667
36249
88381
61911
97155
40211
43697
95482
98846
98226
69546
51229
2282
64605
74424
56881
69914
44722
23500
81731
92051
33660
21377
95856
82001
64075
29282
45223
60229
93339
91225
88491
6055
72428
40552
29820
97730
81313
20210
75375
81673
27875
45128
36870
41312
26882
3804
66962
16122
47880
98840
26153
30276
33196
81856
34657
9927
42247
14456
28771
89090
57861
80558
81897
36972
27496
93498
11192
61921
67095
29388
17805
15499
60843
74947
53381
33168
48338
98216
59876
30341
50440
93547
71132
10252
32883
92204
41170
68672
71656
17359
35626
54710
21266
58093
73339
69090
71923
21639
85542
16395
464
81353
14508
32697
48640
21977
41261
98063
26634
31250
62787
4238
91839
46229
66397
23257
65367
75577
97889
17064
6018
80108
32471
41618
12356
39186
70800
27407
28068
12494
75332
19969
24187
17618
73317
58656
48535
74819
46706
9788
57973
97526
53128
18583
48401
35066
74576
60596
77565
75290
76770
39234
77978
82851
76423
81265
35885
67543
26684
22795
43815
66204
31313
9039
16007
28645
55055
7477
68792
2170
77360
405
324
54448
94328
87550
71101
38544
83554
23465
30976
3942
54719
58674
72706
40135
76410
73454
93097
67517
94120
11045
83306
29820
88347
48022
4246
54002
28064
24168
25580
66589
1304
71988
37201
81356
17098
64005
51814
55029
66338
71636
30470
4349
98601
84964
93786
84460
83159
74570
21945
37794
15944
13737
79442
59519
69352
29954
30952
97568
22175
29498
1340
30387
56391
35958
73644
94640
30680
64108
31155
93194
6117
66704
40078
42111
36540
63273
83355
32653
25739
44829
80441
12576
32354
85960
93405
52409
75419
57470
63441
18242
30269
58702
33357
76564
74975
32390
35237
14170
401
80238
95617
44603
344
58305
16868
20082
23151
75616
3699
19350
22717
5574
77543
21462
14875
53412
40845
10565
86981
76675
54373
90217
41162
84603
16895
83466
63357
3941
36788
87088
95391
24018
29527
70146
84823
52541
92796
52073
70110
48077
58116
13158
44663
74769
33824
52447
27159
63923
65500
63385
66039
11955
79004
19259
23377
17030
9063
43021
98523
48405
97287
61348
95434
93369
6084
63903
95923
51279
90448
55311
78344
76579
4000
46794
4010
43502
44981
18598
77391
59712
1730
59912
243
67953
70204
71144
81624
50924
52786
61171
46947
84410
27091
99645
65021
61194
73007
14987
61555
90963
84768
20493
24428
77600
42860
17728
29461
58506
7483
35896
29428
11087
96651
77465
15011
72886
76310
36910
53083
22761
26582
96446
10416
1285
76652
35179
95039
50628
67611
83215
9581
78378
11759
8020
96128
11574
46722
23237
84294
84441
27556
24075
50983
6401
62549
88658
24420
11269
93958
69464
96936
45592
2685
62704
88836
25322
56400
30407
77460
36845
1666
42771
27220
35750
51471
12204
79850
85916
15972
80892
53969
90175
29056
38420
70690
84587
21789
42131
42814
19166
37507
1475
87393
23277
46444
48208
55980
61122
6920
35280
31498
93776
60850
6767
23910
86245
58083
64512
93207
15506
95688
54057
13762
63285
86848
35463
77048
66023
40241
27948
46599
68557
63771
31854
22875
15812
53609
26042
39217
35526
50818
51431
97458
45802
81995
49728
41003
43999
76888
79520
55636
45584
51476
99045
68309
48354
76211
16376
39592
20089
36836
5797
19623
8734
64659
90623
9121
10276
63896
86841
23237
44814
88437
46039
7447
61018
5954
90131
84052
11790
3247
1699
61040
26310
96839
50386
68608
72673
28328
634
44778
99484
52832
28320
70184
37779
16812
98903
2055
23572
57844
68406
5050
1537
20479
21320
83394
176
60919
38420
66368
33780
50610
63326
99323
18583
46142
75939
56014
13151
8221
54676
3517
76217
78204
62132
3466
16462
82173
18586
7536
65658
48483
39557
6628
99660
76030
30861
45628
14561
97763
26280
84216
5181
18957
97164
96181
61749
20039
14336
36397
28490
75302
5322
82270
10113
61525
58912
38484
90278
37547
79336
56844
41855
35622
72699
19761
14499
72605
52438
45330
44465
79893
70858
24570
90018
43211
48263
24871
12009
67058
60483
52638
2558
63519
20159
95318
31295
38126
62831
72107
19557
21279
68544
74772
37203
76853
11839
91048
73545
84844
27737
77592
62628
17281
11756
58777
2272
69810
6535
57827
71330
24529
55436
36476
33821
80477
89975
11500
17675
90128
9065
21653
70003
21648
17581
63062
75522
93236
36238
88583
66912
57017
3536
54985
43268
44818
2488
44647
61720
47084
56611
40341
18131
58203
3324
70406
65704
24603
80942
23542
76541
54034
17699
47235
67523
41831
50697
27121
91408
60054
72439
28169
73381
48825
99259
99187
88125
63899
43266
8306
2010
4655
46773
97432
5614
33658
33997
15167
75327
12215
2690
2025
55428
76230
39269
2859
88900
9772
96982
83726
44762
61731
43942
1570
39021
8752
84431
7952
59029
100000
31448
93425
13496
60660
4069
57776
69794
58583
12133
97360
15454
59664
69735
35330
89829
18314
91414
51536
59630
21786
21110
55525
78833
3146
13887
32197
60431
60454
67259
51637
9490
61418
42297
77455
82799
84320
32003
69411
33425
1513
43374
96129
76208
34915
65303
91158
81923
17606
1310
31257
70780
42054
84556
87013
99004
46050
15959
51871
69754
88785
81112
19846
14768
43482
13698
253
17607
63720
50081
52256
31489
34596
18499
7679
46506
78304
27838
99707
38187
67479
85289
52339
79651
51391
20313
71746
25998
66218
9116
99816
85733
74975
56725
18707
91539
89385
41027
40713
15295
15993
15354
59016
35925
40708
70836
78728
78364
40803
6846
98032
2199
80535
97949
74339
1734
42338
12992
36201
42489
58288
54091
4782
57258
61339
64415
11729
18162
3825
51822
76550
22543
25081
32015
15266
47248
39480
69484
51234
76261
97618
61497
62049
63752
19110
42353
51707
91326
91336
78476
94153
35091
51284
30955
49490
45929
85079
94978
42016
41514
34081
69575
9551
56010
12247
81533
78990
67296
62866
85087
49097
16493
48808
24593
51863
63724
16435
8975
82521
20241
16655
46545
56730
32750
5185
66118
22581
60037
93882
76253
37160
17097
85715
79265
50877
6220
49232
40916
78076
65772
7409
58410
26652
70423
32341
37861
6728
82446
41481
44631
53121
38793
47641
38800
71902
93
64133
27249
64572
40641
13939
67459
93147
37902
18857
95874
68055
57281
36824
26951
74602
2185
66732
78649
81693
72213
82903
33049
24424
97317
22434
31982
51356
71294
35068
13101
74980
78627
23993
51522
41208
65376
23469
96857
16015
46714
37959
82017
6493
55208
80757
83427
96223
31269
68238
77279
7733
76722
57884
24668
92652
8103
25547
21784
93019
49351
53019
29525
68846
65096
53159
66706
21381
64146
64437
2174
6848
54676
38313
84045
27670
79699
91418
75062
53010
1535
77282
72236
80875
40686
15680
73706
23839
12988
9676
96626
3528
36031
7937
7855
70912
50329
80847
93182
51171
70081
14748
24507
3763
27742
10128
56143
4281
50152
15110
72587
48415
48992
78344
98328
79103
68061
15999
75889
20825
59538
12970
5449
46136
46913
5898
90470
66130
75383
11649
21187
69593
70708
79435
27845
19573
49341
67672
22278
47426
11101
62777
86066
92239
53088
16772
61769
94689
60773
69080
27607
78815
60809
8951
78799
99818
86160
3113
73311
36835
34905
62268
41102
1061
93487
60911
69353
15845
3806
29564
13650
3585
11607
63486
42825
84969
69623
69607
479
48799
81274
17441
15012
72343
6461
43578
19384
28085
72346
15513
98200
54971
66439
39142
32462
3587
50852
53131
75939
51099
60408
3220
28228
61977
66387
8630
84314
51736
35262
86406
32432
2475
50607
17404
46034
482
23628
4547
80307
39728
99345
13661
92542
51771
97525
7021
36709
57091
92364
53051
30694
96870
81021
62445
94080
26850
10821
61836
86347
99103
96758
4067
10426
10582
84727
62045
90012
8035
34428
55455
54562
39168
53864
52523
28545
78515
65074
99027
9835
43684
94868
29554
32814
38625
1958
6225
88426
57898
79787
9202
658
12746
45596
68866
71905
84948
85683
49735
11571
90786
16156
86200
25557
19681
65040
62392
11449
74516
34226
83456
32419
6595
30912
42884
28131
85918
82057
83699
91473
43372
22731
42092
94057
43206
43164
27949
67332
47147
50956
43094
10532
1630
460
90040
65749
34900
19437
44092
20538
14326
40740
53447
92170
56966
39686
98581
62768
93099
24281
94886
54726
1008
66812
80058
68394
72808
11960
94783
69612
794
25712
59839
57075
63213
63697
13918
27851
30722
65168
90319
43610
563
68719
60426
58723
59871
49935
83871
32033
7031
96597
93522
76493
31611
99906
58737
34229
53998
2005
5287
20831
87078
45733
56369
11865
62437
64466
70907
47228
31901
6746
39404
91205
1456
54028
43855
57785
58154
50269
44967
16172
43139
55447
57261
44955
8218
86436
69521
78608
14582
72405
80393
6679
69441
85062
15740
24531
49717
73399
40463
97369
85745
16385
26282
56736
97172
73738
30146
11685
28036
57609
87529
72736
50322
24484
94545
75153
2060
38512
61040
54509
52400
42726
39296
98910
56224
74080
9676
28551
4497
28107
25751
94183
16532
16054
82574
68715
43023
11285
11721
83602
63161
80334
27228
2939
9679
40435
11078
59001
99126
78481
19299
92755
77280
7675
4995
54183
36544
67406
89129
22490
30900
39753
62690
11834
81119
82421
17365
22990
36255
83231
22283
17394
82232
30539
32981
13973
96600
49716
73280
66824
58392
81163
90943
22442
17437
97370
73633
60812
84669
28632
80185
25475
27540
57811
28566
19920
10062
62710
21295
8676
79
73653
96744
86708
80782
84532
96026
68064
58076
4512
14542
60676
91936
34546
5078
76594
63109
17747
92219
98790
78741
17803
81904
65132
81715
40385
10758
43625
55913
51579
72940
50339
55098
50360
83321
50023
10445
65269
99876
67690
18238
88981
36158
39497
69512
41004
8807
90631
59349
71170
92050
23434
65053
86491
17895
29199
57566
74138
58146
70926
53098
81328
35052
8870
99051
46559
87102
74402
16985
76818
33169
2173
38996
62841
13494
96776
35978
71771
98888
44412
53506
51639
15421
79093
26301
18605
3534
11168
50756
44308
23140
59041
58063
14486
35571
83852
45390
91641
63276
54543
94403
38388
66392
18301
76741
31129
54399
51973
63085
42132
80600
32836
17954
25738
79983
66115
20827
88776
60754
36850
19966
65149
15396
12203
9581
60728
85886
60498
37695
23944
50055
63879
49192
66000
9201
91933
45438
41567
81416
27943
29827
54601
14354
96884
47066
1362
25900
30501
42554
77118
14968
47079
47867
91410
68159
98062
81216
18003
51602
55679
49103
36805
1441
5325
92665
95878
99390
71889
57309
69780
69719
61045
12689
8734
68858
80677
67894
47409
29185
77073
46942
45139
21920
40284
12462
21436
90559
12163
88627
20568
49880
90787
53284
54230
77806
56732
16085
95913
78352
85911
53139
52007
82327
59025
56522
67614
14104
19292
40633
59766
41075
55581
96356
64083
96532
65640
95078
80361
61939
73897
87457
15451
48084
41777
96311
32246
96613
84918
38468
36130
37588
69235
60560
27002
18820
10720
25207
17126
90499
71268
9059
71540
55566
10009
18135
71500
98592
17498
4066
97841
61669
4452
97262
4041
69938
72479
13912
85478
43391
93844
47582
85947
45845
8399
76326
6149
37384
23065
46174
6770
19041
63865
67152
75595
17815
10771
54873
20796
93041
4426
86728
20355
64447
14746
75564
1416
88071
48643
84217
97430
9159
88787
58312
11156
81162
61405
46567
61634
19494
3261
9456
37311
43073
22693
21538
56896
75970
35719
11880
40805
63113
39838
92975
66749
95204
86393
56915
75621
96228
11317
4277
16646
5008
55294
72158
34756
81883
50279
71902
21988
54253
6587
15638
64044
52501
68925
83431
38311
29717
24035
64578
67169
35674
55792
55907
39018
8133
75960
98850
78259
46903
91725
99276
61706
95737
58033
2278
94248
26175
27440
7558
37683
81976
51967
33647
93226
5500
72885
31092
79967
60987
55348
63691
74420
37865
39160
75614
57719
18049
33595
25281
3333
92069
62907
9763
22207
11486
58900
38763
98078
8050
91113
82753
44805
56571
37899
19989
4764
27826
57235
87190
24349
93075
26959
90242
83536
7345
66967
84708
23977
67627
47705
54640
19575
78729
17701
13901
18790
82563
95969
70966
25220
15180
25504
47511
60779
6927
8350
86532
36863
58620
94647
96287
69235
94313
40883
86452
48732
288
76914
77238
80155
63146
673
82574
55957
17258
57739
21641
47136
93381
48660
28228
60872
24837
21008
18881
41939
44704
18461
94499
93872
37367
91785
74367
45855
51383
87166
25388
56379
35198
68992
87420
30324
39366
16758
59150
96453
95478
25268
51863
3404
94087
60548
66303
51270
55565
3209
77385
57754
16889
42336
51621
51801
40760
67007
61595
99336
35538
61958
10757
31367
30896
41524
84405
62207
47280
69422
98589
35414
73895
98684
33207
96618
31682
23777
62791
19436
15704
6089
52672
30756
41621
24117
61299
56608
28765
95383
39622
43508
33353
5961
81505
29104
59192
79240
72887
57936
30680
81793
70501
31368
8558
15017
64083
14321
10952
22391
33801
93004
90422
30895
88909
73947
81
66733
41779
75778
69388
89765
99122
87549
46343
79097
42653
83762
43367
93447
56583
15906
17853
19999
48068
75975
35734
91665
31606
21671
71309
85876
39678
7469
19880
23565
54635
52228
96732
96693
71636
86141
51994
21982
78835
21427
31041
54119
55215
94734
40384
8068
36540
47336
65269
91117
66684
37056
85233
23917
21486
93650
26280
87849
96352
77331
35128
38455
76566
71153
23777
83216
41898
23346
64473
83614
10813
93073
39791
11971
77512
78207
45671
42727
33519
24403
30507
42184
77633
15495
73971
56253
18705
57020
62632
6962
22412
12349
25001
76567
19023
83850
23026
67590
34994
59538
64246
95593
28446
20272
89406
6174
74597
38852
66433
81867
49011
97019
24116
98554
27183
68873
80864
28522
86231
60945
10540
632
50613
45718
98603
64693
27473
53456
34042
61641
46014
47396
69282
25904
51637
21987
68670
2842
14242
41791
48097
54753
34911
82523
20383
11966
59909
80084
80456
64916
56210
77646
73908
18930
43006
84081
45500
20021
60619
19235
16410
98903
46065
7659
7079
19139
81582
22319
85853
42502
1603
35483
90346
55256
90414
87121
88339
2690
33946
58549
80548
73308
26967
53055
46392
99511
98701
80597
26667
40020
61782
13303
48822
95965
34951
3931
50402
51036
12601
41537
88494
55806
688
82972
90030
90240
28835
99888
94190
37676
99923
8956
96421
52728
90995
87950
62423
85070
4289
11687
90527
40498
28742
69054
18551
56854
84243
39434
18561
67767
4441
59493
66673
63775
53633
73027
49060
49781
46376
36668
48684
35487
22128
67403
72257
47481
57793
12215
74991
17878
88228
90721
99339
46591
77010
76820
31556
91266
30343
7704
56736
88986
43478
94963
20831
63963
8938
36192
41840
20341
22637
34828
36085
3172
80242
67402
67812
48902
25265
8104
66266
97278
52971
89590
66587
26024
56700
74162
88027
91512
67047
22183
28231
52008
66555
78151
41399
59676
18600
91804
15918
55537
75225
68074
95172
37558
93636
92029
93452
68686
14978
70728
95512
87800
84944
45542
76163
55978
14288
77808
53949
19924
21615
34566
59507
54721
94997
7048
6855
43083
8186
25820
1747
29732
94679
2167
95850
24745
28049
13301
95168
78674
80773
80919
79001
19571
23544
25107
54711
95603
18515
8916
5764
56929
6951
80648
55432
66912
69156
54914
42416
27221
7508
6466
2639
30297
45235
23827
79910
69043
35498
44179
90414
46560
48746
43772
93366
93326
96692
66710
56211
35880
62675
1691
101
81636
34985
71393
25871
66390
60729
44443
99028
51951
87504
22010
67466
93335
28623
25916
70725
45695
39433
99945
34393
2079
69957
64440
39813
17860
24801
23734
50108
35622
88733
66217
68828
77899
1467
59622
46176
77589
64083
75934
3022
97902
10685
64957
1426
79972
48047
63889
35805
92486
26216
81077
2559
7713
28951
94233
40171
38730
52811
14210
57190
64393
91492
90712
62139
69254
39459
24800
40395
55913
33606
88313
20355
4192
27111
54193
38759
17730
36558
61958
51087
75316
18798
61321
48892
47504
20508
4501
4691
42261
44362
19726
1846
83314
27444
24961
76130
62806
48645
76785
26566
9815
6301
74225
14582
35423
3779
8543
62489
12055
66820
51569
62685
90505
44950
50150
22773
24371
37062
91571
1958
79238
9188
81848
62869
38437
47811
74838
47050
20419
25293
22563
47670
85696
39211
32363
99956
77558
16179
15674
34585
35523
83193
93974
94559
4532
3824
27345
75797
62492
43075
32980
1746
70855
42555
77684
77155
80094
325
29970
4305
73314
66373
65207
28442
23979
35209
41680
9722
98359
17451
40150
64519
44913
51106
87471
78879
79362
14601
46381
53467
96770
83687
82615
79455
51115
62538
77895
44792
53456
29401
49928
96484
43540
36039
74325
21118
38036
71226
45523
35120
79071
72815
61260
72474
3879
64673
54093
24106
1065
48742
55107
58880
90099
28001
36581
78127
6607
60480
54728
61578
4638
2393
26387
1751
6766
12191
18619
611
2931
53066
37054
75481
12243
23319
72605
47658
21540
47824
11375
32961
18421
99931
60662
19040
26160
15804
7876
39758
88129
72677
34886
2751
48104
56261
96778
31802
97770
28831
56383
3588
92252
26900
7820
52998
5897
8332
49099
9226
46119
4653
76170
60018
30986
18277
1634
53914
5454
94856
81767
74769
1349
18643
18396
46973
27465
17145
68655
72247
85623
85548
67824
97190
14774
18723
78836
93139
20834
38831
19817
44788
31288
31465
56999
1237
50869
14557
4468
71878
79210
4816
75654
6049
7317
3372
2020
14483
34525
19652
48360
53407
53027
24551
52608
73828
65164
62640
56455
65830
38302
65253
13976
23271
38301
2528
1017
53136
14194
63747
69424
1741
75005
10021
72461
48410
58611
45589
2551
59717
2045
36825
78808
91234
2052
62498
89081
18844
80477
98254
81273
12507
13101
13393
59008
97128
416
61335
94574
69865
15860
49638
41189
50873
46243
72010
21811
84105
93520
69812
15806
61865
51297
20723
4420
67347
92713
84541
362
65442
78176
63464
34122
78829
85566
37436
41369
1392
89056
60040
45831
41499
40557
82950
72368
94084
60860
66470
59347
1213
39438
97377
34618
9013
37917
63138
39080
73755
70016
34828
2971
87506
33868
39921
77607
29535
25027
25630
42532
65856
19867
56696
19881
78932
85332
98063
88790
54844
29606
61506
35222
19129
80798
68400
64390
14631
6108
31263
66807
81629
30433
38796
96988
31260
53772
60934
73514
67445
54847
72049
8993
77569
91592
64153
3873
46300
39631
19029
5875
90808
3341
5519
10330
13948
70071
83579
55232
92257
9453
64560
68419
47953
84139
69977
85105
21253
68979
73563
37145
14424
50182
36689
79001
9749
88410
23301
50651
75744
10720
36137
20988
17522
55142
79200
76087
90738
41607
40938
17618
2471
51893
33635
74096
90723
35124
85221
73990
99925
62460
2476
79364
63171
28553
35482
19119
70947
28013
14792
30143
12336
29290
99180
78985
93464
12282
53321
73780
90530
57208
48030
34992
92987
10742
75398
90002
46542
86662
93204
64700
96290
82882
88084
71244
12472
725
86577
12687
6344
97226
45535
15975
56503
52676
9168
80034
819
54346
8725
78385
34261
88962
27617
23162
19258
36578
62829
19946
29921
31561
26654
8636
96121
20565
35140
25295
65895
34698
63895
42639
58817
3063
75062
59776
19825
85217
9683
85191
47627
80864
84047
13126
11862
74299
4561
54965
49910
72563
21293
67938
91770
59752
19147
51877
75145
99502
70653
55631
15777
65633
1056
97321
87287
90694
29732
10628
81091
17013
86066
22482
36551
54789
3489
38404
16095
88718
68617
67626
76062
4770
98710
81808
67278
18755
2793
34062
86716
58247
91448
78160
33031
83196
99073
28063
4224
49079
79171
37439
61224
1275
51502
89527
42346
87532
51645
69667
39762
5101
57547
40030
74543
71870
17867
24342
53250
44040
81451
73410
45018
70885
27826
93828
17649
97444
40262
82773
51849
50775
17584
59505
53936
19976
68315
5548
64634
10216
20122
4718
41303
15903
65242
34980
61395
2186
67744
51352
42256
89161
90418
77295
76460
5056
37094
26470
91228
51770
98391
10280
61536
29961
45087
21389
4398
90104
80542
90778
28481
50683
32099
88267
85812
62217
19460
71930
18959
49152
38299
12900
36645
92004
3424
71527
60513
78262
6295
68326
62099
96193
17626
58006
40492
64066
66946
54195
49562
19047
92075
97402
50667
87014
93281
16088
87834
24311
87769
55610
84417
57356
36613
31523
57241
14684
68195
89239
60145
41367
59865
87649
97339
90514
7347
3387
23705
54457
33841
84912
41159
42345
61411
59313
2091
95714
87059
73038
75826
69231
22944
83235
12711
22717
1279
51875
14452
91932
84945
86311
14707
25764
24147
62861
48864
96151
57200
21414
69853
21562
75662
15415
69811
2001
66277
30183
69687
16109
25983
96151
54845
2958
37668
74315
64359
48858
83540
21981
4521
97287
39195
75540
44232
25071
87168
94394
45448
23573
7915
70557
45392
39865
83118
26718
66184
16006
80033
43489
72793
95301
22191
6142
78431
43557
77263
96693
13402
84393
18176
64874
35606
41608
23195
22898
44243
44975
43723
31117
15456
69828
89190
53236
98389
65724
46338
6812
71631
30375
16559
28882
16888
14102
6188
72767
35042
9418
84478
63270
61672
27220
36770
25489
50307
1310
24764
31841
6747
86315
46831
26108
60752
53065
20874
37609
3801
4279
45538
65118
25888
9412
65778
24912
2728
72135
64644
59797
99582
81083
39883
89751
35117
96668
90729
34719
88616
83865
66456
26516
18786
39020
88431
13622
24153
35304
81131
34245
69675
79190
56903
80110
85879
88344
41722
78854
53091
70876
49099
78502
46029
64763
39944
41799
5514
33515
38490
32613
22666
20453
32227
14693
36319
31961
7642
80414
10309
70584
46731
89098
77403
58298
98434
81736
13480
94300
38676
57672
1152
74323
63065
81749
4572
18224
73719
18911
92160
12103
76481
45749
93526
82650
34097
47597
181
96750
7413
77418
78063
64015
79631
93456
2254
48968
61129
27302
60181
7863
69279
91124
19352
13272
13442
68096
91228
50554
40573
89879
40344
12269
72220
56746
38848
65279
19472
77108
26385
75788
3270
17017
15927
89566
99516
76824
66363
26718
1203
49126
59613
33003
14613
56948
43676
86614
95197
16414
30569
82417
86122
77225
74315
35833
62039
88300
77406
41664
90177
43873
14073
1400
99269
72749
93029
15924
29065
8861
22294
68676
10384
96625
89350
12906
80134
3691
59154
82224
54117
60080
30000
41533
59895
42819
45560
28664
15322
5967
33015
95514
21668
60006
27755
12012
26169
69399
83644
93340
35615
72092
36301
95028
58781
42086
19486
91908
74430
28192
42854
80058
61378
9820
24135
53268
52747
56974
20615
23283
87081
91470
10293
62739
27056
5596
79229
28279
95584
30337
83793
41011
41362
94989
98274
77256
62753
94194
8872
2691
11450
66807
8135
9397
12973
19400
27521
36469
33718
66279
83402
33924
72203
17377
63522
80040
51536
55154
85610
83664
88807
64752
11627
62921
81096
10327
73283
81437
74274
35708
87389
24444
90779
17008
85963
79064
40349
98567
21793
78843
88358
90552
10617
17186
8402
74794
50316
21148
5156
13680
48799
64782
90640
2541
46991
40598
58432
94439
33618
5634
77007
6017
43457
83220
87131
2389
16778
25964
96523
23256
81866
18299
72377
16844
3917
47383
14848
74514
49425
91841
54534
57315
46360
60790
35771
92772
51226
70747
46377
98212
93583
26840
38706
94041
9386
38926
30984
38856
44418
48198
37785
32602
35434
57905
34768
5443
28668
8706
18387
26265
76929
75712
41987
46949
19063
13756
42900
27521
84839
94539
49580
10639
93906
96524
32392
62570
59224
80309
69078
39800
26044
49854
99627
11408
66351
33713
89587
85050
25225
36609
77153
13843
52940
64859
239
61180
13147
62253
34442
16331
7181
65659
12879
45519
83071
11326
70061
14204
72182
86698
44529
3853
45037
95810
67148
96009
29006
80666
5755
36813
87681
55580
23366
17928
69278
10321
46759
24844
73699
40370
48493
16633
23445
85411
25543
25002
51843
74788
44802
34954
21496
75533
92026
1704
70245
68040
93541
84276
70473
4254
78382
62996
39023
57318
92470
34889
44301
63821
77022
40522
33084
9190
98004
73446
1954
25357
38045
48460
42185
25953
285
29087
13857
61528
25297
32800
29875
85799
66495
66629
84141
56391
51045
69129
80758
56221
74931
76225
23825
46754
89899
9821
90913
11816
60158
41404
62192
37591
87254
68188
38376
76912
77689
94142
32637
55307
71698
70761
46240
78361
87411
8072
21722
85534
37664
89033
85337
75082
18400
82796
55440
38350
64115
51752
64044
53433
62957
16133
78460
34693
56891
35625
13614
51464
85407
73240
47417
81441
39889
53388
15782
15981
99880
88045
67563
90896
64803
15426
78480
98039
17612
786
39041
56007
34335
99924
74437
20105
45297
63690
80678
45352
66750
2016
64266
84902
29245
19269
42869
96767
95391
48484
60455
68117
47962
71106
60108
73147
65477
50722
43089
68648
88297
88148
90632
137
71863
34136
70664
690
64525
47772
14354
18502
74711
85674
31028
21465
96182
51323
54476
47220
65801
38764
64090
2420
11716
17213
38656
57001
97588
89774
17456
57480
83291
37500
89711
16999
91591
56075
6761
6365
50858
45602
5170
79925
53011
66658
61445
91691
736
37112
38810
74275
24643
30973
68750
23644
97540
83265
97820
83140
34604
99770
36931
25581
6519
53
83140
16073
95603
82064
10350
84695
42087
57495
30870
84991
8049
89312
93237
86409
31558
92282
78922
70354
71438
51828
60496
44142
17910
18301
68913
55114
74043
58290
56523
83836
59398
78379
41147
72659
40742
22261
86296
99834
76644
3875
67591
8427
12746
97780
31366
44016
10277
847
25858
16455
89159
56088
40393
48347
81727
87849
19040
49406
57
65008
16644
88001
36722
37700
93612
22429
25590
92074
64919
68483
39373
80810
21725
22069
76167
3412
19056
30645
8935
40272
78484
78799
64179
33327
74575
10637
60723
99603
91579
140
28030
13146
90741
33659
34355
40078
95450
9373
30880
18419
45442
86700
12273
62540
58255
80998
84547
72324
81082
14397
97786
17394
95729
78990
25519
81808
5768
87325
33578
8438
36999
31910
21724
88001
13838
81825
46385
96144
6668
34581
96833
13501
19490
34062
85623
93888
83453
98640
9894
20680
18443
4077
60942
3890
98709
52104
54187
68025
4393
84012
34741
55814
26619
93685
52735
82246
55896
81066
35744
97275
98232
94531
241
67314
15933
21228
26782
79834
13398
5888
56603
12170
10440
32883
1244
8232
47031
63446
40602
15900
76827
21591
17747
44938
20833
15677
2664
82839
5509
34578
66125
97945
87671
46183
81829
38714
37426
71163
34175
51346
52275
99977
69457
59524
21893
76789
48626
11299
71366
97749
84709
64561
14168
82944
53302
29500
87900
26068
44051
47504
41233
25720
18384
4678
98119
67660
38802
75127
53740
2831
89431
2845
14569
7133
93984
19636
50852
35658
62726
46255
94681
66278
70728
28622
21971
27207
21954
20501
77527
85421
44731
17125
95329
78451
82918
23683
33050
53843
77581
69942
35608
89393
10117
27518
56294
95134
39053
37697
1144
48727
62953
97460
21297
35870
18332
41090
60232
48675
77077
25450
26528
95892
49486
22891
16999
58808
62153
18365
6201
4359
21626
15048
53460
60663
66833
98044
97964
24439
21250
55082
53076
45181
7293
24431
82945
21585
74912
88405
54576
55115
27166
10514
68338
98398
36569
17389
67804
59595
51645
54068
44731
30569
60914
56240
13450
76015
31337
72185
39898
48360
18303
59737
44485
65819
99840
94116
23577
42860
56407
80520
62563
30133
1099
5012
30169
55014
17674
22776
96006
87360
81905
71397
46569
89306
32929
16663
44104
49640
82835
40529
17265
87585
65870
84873
66808
73978
54097
82767
95998
62418
44309
9261
43774
63839
52323
66241
5314
30095
31705
82200
25510
14361
70835
56679
2761
50123
30147
10942
1883
61541
56331
14568
92335
34793
26522
57175
5961
20966
70321
84736
5195
51049
40552
73960
76587
51980
31367
10386
51530
43597
59850
45389
14676
21400
30506
71276
61592
80478
73391
10237
60988
16030
1436
14401
4671
59760
69275
95662
50951
82863
14365
35188
43977
72350
4278
73510
43226
18707
73450
21601
58630
52895
22634
66303
78253
53308
75148
26881
82652
88271
51139
50969
56043
15002
53124
15066
97198
22782
91506
21391
3859
96131
89297
38480
5485
52866
48309
65391
79176
33844
86120
77433
46544
69100
87020
51237
79832
15338
57044
35476
27202
65037
70952
74755
41851
79563
19475
62252
69619
38287
42810
80176
78049
71907
92518
26419
3343
10653
46573
73610
29002
2981
52905
52156
33174
44639
78821
61224
4716
56721
37008
48000
96829
90929
94745
31550
44309
95660
73004
98515
33489
57968
58832
14922
91045
20495
83258
73509
44073
67179
58657
87445
99550
19755
67200
33372
62976
73618
2765
78803
29171
11478
16389
44978
50181
23373
70392
98704
64363
72715
91302
27028
41312
35276
71340
98684
62276
22323
83616
79081
35859
53730
862
93319
63875
58445
92409
79123
15201
51787
47324
29405
93175
79398
49911
86503
54825
81085
70391
45631
82551
3414
60352
43770
66006
21504
50681
82698
14566
38966
66682
91919
28937
30220
86300
7600
73589
35733
10716
45625
9812
48152
73219
87296
31292
35825
45845
59913
32348
86788
73235
10024
68585
49565
7000
36262
46117
6443
16090
11349
78829
42076
48591
72417
56595
26284
18211
3891
64606
56073
86933
26002
50557
2309
93139
54895
21821
34402
52022
92405
3701
11964
40770
44633
11247
1774
84187
7806
33945
23253
99563
68046
47191
30555
43216
41862
53906
25153
69210
98281
84402
74069
87375
53480
17624
76076
88442
27218
33772
71267
80448
31799
63798
44431
52441
16753
52277
36897
87230
64177
3631
39084
72061
36490
42105
62292
47014
64403
11377
14452
61266
18257
80804
96937
25898
8956
49194
50393
7236
54190
74625
35904
40007
26307
92479
39568
7908
21526
49204
6821
74670
251
70850
6444
26400
66164
22190
36424
55119
29328
86089
15070
20932
53438
84147
16510
47293
34278
28428
14960
37547
33433
99788
22688
41475
47565
1094
15193
67372
90165
52992
39993
96559
68388
64484
37790
91097
62188
40016
64123
8034
54672
82019
68406
93100
23657
55353
15986
74405
79760
16245
58123
70556
74257
40752
46556
33467
42861
55418
155
41683
15591
70174
26323
72452
20216
36610
94915
28397
30413
76416
49387
22963
29116
45181
60574
49138
50809
93856
75433
92156
85548
76672
54585
65913
47858
46674
32592
92403
81745
96217
9829
46764
48867
96705
21967
36140
11054
31163
31668
96646
44710
1414
76210
63734
27710
42827
30772
41911
32404
71713
55968
71500
43406
67975
53963
65898
87105
93133
20531
28375
90197
77088
76640
76846
52466
40769
25732
36055
28870
46575
32341
62119
2009
2165
4983
58911
70105
9252
88805
48665
26249
81538
94188
69189
37055
85341
49703
84054
81739
78145
70527
12294
18139
83311
92860
92829
49713
7310
92743
94416
90470
19142
9596
27323
35666
6981
70814
491
57264
92197
25291
97724
47873
34091
39323
98052
53865
39264
49344
49602
59718
47636
4952
77593
11775
88390
94912
91800
68022
88929
60135
25608
12123
28370
97064
91388
13507
45949
39589
42789
35665
7366
57446
23445
35628
54063
23479
6304
18973
1122
121
53869
48069
66103
91863
61674
57913
84653
7470
68250
62414
52265
93444
49821
28674
54689
75331
10298
60225
79188
59155
81870
83110
40020
44575
78130
7580
17986
98219
58105
30598
85738
97054
91024
21368
36068
64422
62950
48278
89650
724
50292
73309
65873
88929
82650
42803
89452
99294
93540
68893
88689
52834
55553
59690
34593
61385
61345
41865
65582
87096
54532
86011
3196
75443
37973
17388
6741
38685
78492
45988
15025
28878
59105
44941
78589
56327
17151
43430
77697
44851
17520
18014
33142
25862
7002
97455
32463
66324
934
53860
55614
37759
71108
17418
8900
21734
16491
53215
79514
94870
95493
5880
36345
55388
47675
98804
39009
87832
73678
6555
4651
84010
40815
45958
37209
75936
73991
45189
99329
82008
93312
12889
98106
16325
71728
81987
15757
28142
67608
54485
18173
49657
27620
23777
29881
57922
76177
27176
88179
96605
79246
13001
86140
83442
93438
75173
65472
95625
36100
16883
16089
64865
95285
5352
15684
4006
128
10828
61096
64531
61218
15235
38951
41187
31761
44922
34290
84186
64678
88088
844
44690
54336
55319
14440
88655
89763
72443
97649
55908
56745
32929
95461
96744
5505
46636
19354
99005
90098
11363
11002
78863
20811
77798
36046
18180
29697
56725
99933
52976
14621
10135
31483
10239
75905
32507
17174
12660
76163
21713
84508
5409
28492
55523
45804
82603
88374
88025
22255
49515
73035
10819
95816
27244
39622
66777
53888
90471
133
2999
6180
23944
89111
23970
47696
92847
60071
75723
23793
2534
5950
92499
96560
49129
14818
71397
14617
70560
25717
73332
21533
39612
46115
97888
5818
75676
32640
46905
67894
41124
25893
20018
64691
92889
99352
21954
20124
83219
72687
1224
9020
17699
84555
76183
57938
89726
85330
92802
84955
27698
91926
24110
27374
3330
72426
89157
97000
45787
59048
63019
82883
41357
18351
51829
82476
94546
26456
4362
33934
90248
67367
23819
90226
17468
68728
62784
31953
76873
5147
83900
61259
8286
26202
50155
28072
95579
2762
48291
97415
45604
28242
3675
52005
32487
59766
91154
42694
97885
23276
74151
26308
51687
4445
23049
97883
76342
95224
92629
3234
50533
67351
49365
63416
40726
4663
49324
63980
18350
20932
56840
1760
34614
71862
59453
24197
22593
30585
14343
48350
88735
12940
90663
77418
26937
85107
24863
87286
49544
8023
7670
29958
22854
66768
82389
55275
98701
78892
89232
58583
27593
96667
59228
7988
48871
41853
26116
6246
79086
7143
21874
55766
5693
85042
102
81143
51901
20575
75784
98333
53844
76395
36736
16907
77741
84698
18690
43402
57307
18181
73756
34935
72201
64612
89144
27010
43123
64825
15092
53727
8652
25676
38357
63433
63338
44189
74013
32547
57175
54381
43208
45169
25930
97871
20715
9317
79043
26331
63407
57919
2256
76259
98761
40212
83900
66220
49946
85959
9146
17658
87648
72469
60482
99857
54884
22819
19088
87997
24218
672
99431
45562
13893
40698
54623
39498
97734
18237
75534
80091
91497
54957
32642
27242
75180
93870
24713
15930
64949
46110
11455
27292
28866
25200
17989
89421
5206
48607
14858
35156
72843
83151
80798
3946
94063
83520
36663
50767
29778
76530
23523
98054
31311
83157
5910
11559
59259
43942
23889
96131
52816
2321
48012
44824
77259
77593
510
81289
22153
29540
91955
7526
18448
38803
97376
94638
63567
16931
30999
53348
10373
35298
8134
63933
10809
53459
46419
45687
42055
1190
14744
10510
64424
36421
5441
400
64528
82575
90283
87275
34732
33224
18626
79104
68827
50843
11640
54429
77943
52867
89459
3453
82134
84977
80279
80378
86637
50376
43108
59481
29004
72850
18169
23779
35600
49464
10498
31612
81190
56948
59144
57902
81807
52884
95364
86582
56107
23795
23813
21270
55622
16544
41808
92739
29705
47298
76439
2607
87658
43583
9046
78335
84274
61548
86261
40935
64068
22109
23492
84592
53559
78830
8392
37937
68542
39553
66379
98559
10860
5597
23527
43037
83638
73859
67149
23511
38340
64374
8133
91709
5117
80333
10725
22666
35128
12569
48392
44000
35215
98809
63432
48790
44420
26149
19981
17589
63723
88917
57308
47781
64528
12879
19602
31910
32246
74568
76200
82555
87530
44606
6979
79574
14482
41664
65365
34262
6262
71340
87415
73680
61806
37581
24441
56638
82938
14859
34367
74126
32327
33410
14085
53837
93696
17914
82077
5599
76527
3545
30056
23779
98006
92412
6240
23293
75903
15662
54323
69018
4474
79717
46267
67904
51495
52531
82579
1813
22849
45566
21174
23168
13203
37048
81855
63688
48030
612
41729
68773
96415
33058
41669
84384
55498
61934
21144
23480
15414
67294
42434
96267
69157
92685
90156
4839
22512
88254
74399
45512
98594
33651
2189
89123
85524
4736
23054
13089
57578
44929
27727
28280
81024
25786
1313
86843
1330
58903
9097
23026
44817
95387
45090
93720
919
36909
65237
62041
2513
59326
90801
85034
9421
823
41726
61823
13717
30432
1768
53429
80392
83945
30421
67401
26312
43300
75676
92283
61464
15823
65465
86382
21378
79603
93491
14399
96493
36434
97303
62635
25104
14508
68809
55110
76872
63597
24239
69156
8853
11134
4996
11328
26094
46283
17773
75481
55687
39600
3154
76265
52619
23767
69535
59128
52193
67868
24571
16955
53780
28808
2501
4396
12796
78056
31160
78145
50414
47798
77888
75563
32602
55620
20104
61238
1596
11996
41497
43636
87382
97639
4826
86640
32941
97268
93191
65964
10322
19187
93679
20992
77934
74798
27135
92711
67010
81338
13910
49682
21955
80
21950
28899
14446
80291
53332
65007
96342
55626
76190
21001
86546
26704
14625
83933
75960
52547
90613
87624
79623
92014
66113
44292
20702
15257
10899
70138
86521
46459
81347
85544
6469
99067
35419
20113
32653
30939
46752
88664
33798
85907
8942
89315
35510
91470
58540
46454
97951
91161
28303
58602
26586
4174
81434
53903
22078
32418
72796
59077
73487
96899
30903
83435
87924
1960
32869
73844
8648
27786
35815
96333
5652
54470
78846
37809
5331
48920
96320
535
7510
11819
67955
66955
31648
73668
52236
85108
45322
24846
97611
96671
70677
57525
14297
53252
38282
30768
34322
64472
82533
89196
1343
85507
43606
2796
59636
5732
42709
48354
48766
56793
21753
83113
65590
82096
74834
13417
42725
56869
67557
99087
62707
18909
40511
54719
58824
74951
357
73944
43033
33144
63390
16356
87792
1448
76251
86335
57293
89249
76893
56493
5320
69747
98069
89062
49675
56332
52620
91407
27875
85231
72403
93055
17059
29765
14676
74974
82107
99591
7818
78661
67447
74779
82093
31113
85853
25156
46991
30803
33713
75089
24730
83237
68332
79721
27131
36790
56822
39064
19961
20721
77403
78107
67954
13759
89083
91961
63261
23648
59665
27061
35388
99142
7086
57313
80602
98232
52134
99470
39037
81001
4021
80051
43036
32955
23976
20685
83816
59774
66610
9837
74027
91564
81257
2422
89086
50949
20415
93215
94783
65821
28035
31600
89497
37135
45419
74853
198
99522
70785
1804
64096
67935
77334
89236
7280
48137
23831
81680
77018
33987
67249
49595
99322
19876
14121
39661
56003
84245
1540
35161
53410
52753
17605
23771
25879
52541
61957
37867
9683
5023
69782
40265
34098
84810
35743
65812
88437
83059
86273
89361
96613
47963
86993
2163
86498
71252
57689
49547
12460
6677
48308
83130
76048
4314
25616
88772
8058
15262
36765
3063
44569
40606
69238
9084
14638
44055
47211
57528
71592
10094
73359
87265
4325
30279
73464
59716
25118
95532
66691
96151
3996
77534
10606
44428
99222
58135
98207
15171
10399
47675
70662
64162
97999
7715
15727
97542
48919
54412
93991
93260
29207
34157
13062
9281
83855
85520
20732
24109
14535
13500
59143
92194
58698
75123
46351
16547
70307
3227
85476
87697
37508
84518
73317
57967
96261
11047
52563
30999
37495
81787
60438
93313
66593
82437
31368
94718
9328
1260
86558
16284
79708
51560
58029
72171
81943
5718
91716
440
79732
87977
85026
20275
13883
62983
63306
65169
68035
78001
77833
41522
74156
75220
96208
16889
96583
5801
76529
97449
72671
1334
55038
96430
33495
54357
35776
38024
63084
60648
9732
5185
49257
66091
44988
82824
65516
6738
91089
3393
49344
67614
22960
56030
83641
23745
33353
41611
26135
21746
94048
42715
63090
83200
83058
64859
14125
55786
30726
6206
77156
41253
73202
67713
81842
6198
48719
39169
84280
61532
35811
75851
90364
3358
10762
66324
55612
54255
6995
88989
41010
63603
488
54836
25601
80253
87429
1473
98031
20592
48914
41539
63970
47532
96992
45688
39326
78908
72742
87426
1046
91865
6030
454
5066
99780
79419
46502
88376
1291
54833
48728
27449
60599
82768
31113
32895
35488
28909
37013
46383
38511
21152
63182
8246
28975
10875
34718
80907
9080
12772
76751
51452
18303
54099
11389
89211
32619
12401
55425
28376
49120
18129
55879
28084
28810
67085
9196
93997
84942
72702
30510
58290
95826
50827
81884
2301
64071
33939
87157
52534
45555
68214
702
48136
58015
47395
6033
36208
13461
24522
70262
10831
10308
42762
88
62483
5898
8278
