2166
53114
30135
70236
41539
39146
84445
58587
60060
79593
17085
11422
51247
90391
70148
59067
67831
50347
70607
91615
36012
78178
94465
76458
42377
42386
45795
99677
6709
6665
99139
39042
7117
65291
17989
41251
17042
68042
85120
55019
35920
93247
53910
96426
67529
91105
94262
98413
82824
3248
5197
8648
6980
37550
4552
36339
36850
56047
63356
83724
71945
76075
22665
87901
24844
1271
49563
15529
76695
90247
49863
24315
17192
75168
78997
33392
54972
58314
40128
50906
29204
32649
79660
17318
11443
57436
73133
5463
14248
51643
29060
78911
28155
86811
62975
91122
37222
88565
57505
37423
28455
94042
44567
5795
15709
95451
96803
3953
53278
50582
14098
27868
12188
51499
65104
28453
78128
6707
79332
54085
75487
18277
21108
36548
91741
92073
73502
38851
28104
21949
95543
48035
98887
79597
38452
62784
48429
52350
99266
86262
33376
32860
75592
71235
11842
8574
27423
80104
35755
5825
98659
37571
96594
4333
43298
74672
4542
78441
87034
72930
13759
43161
96471
20827
22475
22728
74210
6944
67744
46368
56952
69346
42987
74905
36160
68947
43429
5735
35704
20238
18999
31758
49144
2827
11023
38565
76592
51163
65306
2546
214
45758
96238
13906
36455
4574
34292
4310
60674
88395
41438
94878
12707
91932
19506
48077
87112
48522
26705
88366
22603
40094
57542
75866
90077
59290
42344
64001
62156
80655
40144
7002
14089
74804
14468
74984
26081
52589
59502
16951
80471
71310
70262
33030
95404
97622
83299
48483
24378
73377
53063
32101
62727
1368
8176
11785
44598
73223
12662
92689
40011
33446
52047
97089
26415
60508
17538
41654
4057
94852
62205
92675
19665
4795
81580
85715
16532
60318
7578
67311
25936
40148
65070
99724
5625
25682
88535
5221
69353
83204
41777
93194
62184
63444
15813
70162
84089
5315
77349
62551
95424
15119
47862
92069
59994
86491
46852
60604
93878
90297
62803
15058
66036
10874
1331
15224
24782
46098
51733
72021
11006
6500
9535
12853
70997
72393
8382
97785
3928
84875
91370
3938
61643
22725
59089
58287
30830
69209
50288
47223
21853
20011
47277
12208
27784
62098
93949
37410
60624
18672
51198
91391
96584
23370
10746
97539
68532
89695
33435
10841
52350
60529
3430
29576
47417
98121
71147
72641
6022
52601
79094
93568
64132
21014
38940
46411
24278
71159
12400
82689
6785
71227
94990
43538
21487
91318
38487
97371
37532
16805
59174
62112
95698
63873
64391
38558
57673
7333
33324
45310
43333
83530
39579
5212
85992
42752
31587
47425
31338
95392
23564
25058
97738
46166
7387
78361
25982
62679
14268
20108
13029
55920
28598
74959
90596
25243
13418
94828
18722
41269
92189
1030
42050
41313
92956
29424
93353
36460
22304
91016
69689
47579
22479
63658
64595
76723
68660
22818
86024
57353
73349
12479
71251
33304
33990
78248
20102
84146
99376
24433
64952
78177
69410
47061
84013
52341
14647
13276
52140
778
41228
45895
275
62745
26093
87822
45934
91175
22274
64738
10798
69652
30404
28324
85124
53956
21266
46266
88918
16370
91908
7205
59124
39381
61731
83437
70866
56047
64984
40332
44765
15127
31573
98318
53453
52624
40100
50571
24637
27433
16218
4357
26056
22604
23845
50527
30301
24710
96368
60883
78755
11586
67230
42562
82305
34951
91111
9740
75349
52996
24498
26968
40285
54170
64314
53040
66931
20152
21775
38977
85035
89046
17810
39960
31375
8576
70674
88457
17579
63047
38812
96389
21978
14005
98997
80043
72880
99568
90118
87541
73223
82985
91756
2393
90895
31347
17182
79368
10382
31744
90885
65209
76208
63476
49242
93403
86859
41146
35758
55784
71557
25563
26096
45994
59507
80453
37802
67934
91151
73253
95716
40775
12588
68472
8466
30052
88087
26480
75482
70943
62783
54410
90000
99150
52734
52350
49491
86763
74689
91820
21789
41550
94354
99585
45432
67658
40900
91518
84704
50241
38047
11185
25810
61384
8026
22194
87822
72802
82164
6356
21398
71656
58901
54269
56968
71876
55614
80614
59586
36517
10588
94556
99364
37759
12839
9559
33463
50963
67713
27699
83328
80450
86781
22587
49025
26825
90600
42635
69059
95227
12873
58263
5340
9905
7939
15121
33025
95709
64137
2725
28707
49250
20966
19322
64429
50591
70326
44617
24831
36246
79045
36141
24836
90469
25404
89587
75351
43482
14529
84420
49758
6561
35228
84563
60379
78662
56463
97038
39127
10184
52686
50394
70573
23872
18202
14680
72287
1331
51221
24498
96783
97586
66863
71395
82812
87178
96121
85196
25489
48117
58391
21016
21732
98253
96171
40113
78938
29983
6670
67329
66044
23550
36310
22445
48522
90881
18186
8551
96568
28730
20108
76040
69004
70469
46894
92446
2887
98633
11931
86351
22137
83343
52479
39220
87864
47495
98156
62386
88439
37198
57
82177
42243
50003
649
34473
20129
16663
38558
78025
15739
22041
15289
67558
35299
95391
5841
90748
33315
68996
87227
94805
2946
6037
87144
78295
98778
72704
15677
59778
87727
18130
25959
72412
20264
78515
32988
27731
26113
2852
90379
54274
41153
59357
98933
98799
84093
83989
3316
64130
55495
27654
76626
39905
45365
18855
7401
82939
93579
91452
54794
19953
75889
85879
40474
52315
20693
27386
13554
96406
57749
95280
49220
70376
13243
36511
43980
48226
19346
89615
98566
20800
44574
67415
64277
98552
90771
85504
76867
66807
34683
72068
21468
76588
70827
54652
36665
54461
46576
86507
24643
62952
12635
11378
80380
80860
53897
31720
41564
90068
67454
72034
25714
7674
5418
43027
89705
13124
35820
91052
56891
23425
27
73768
29307
12921
24834
55989
93619
50285
84833
63439
32340
87590
48273
39368
22007
18500
60325
47245
76004
31669
48241
72159
58117
49289
91310
16293
7510
22314
44107
63214
53559
17351
85225
38936
5512
65871
4274
4423
4702
23586
83320
4740
2436
46117
78902
6169
47207
95353
73737
13659
73745
4517
99431
73723
50889
2831
57957
80910
71609
90625
44213
6146
25673
62373
51913
19369
17126
65729
52726
68246
90248
29538
11714
57940
44685
475
37338
54546
88741
17700
73517
53897
17380
64461
2105
54512
74706
11403
63877
22144
61135
97901
44565
35696
38566
66401
48015
58898
26759
12235
83994
74081
98711
12959
17478
60902
26815
2540
93764
75046
41151
98533
51267
8816
38257
63924
6519
44998
81075
2925
54168
65276
21247
58346
78845
39703
61951
87366
